         0.999822137997419
      9.74426640485609e-05
      7.75643875993161e-05
      2.53954976117919e-06
      2.97614981965106e-07
      9.74426640583052e-09
      7.75643876070725e-09
      2.53954976143314e-10
      2.97614981994868e-11
      9.74426640680495e-13
       7.7564387614829e-13
      7.75643940170223e-15
      7.75643940170223e-15
      2.97614982024629e-15
       2.9761500658988e-17


         0.999711759226439
      0.000171418342766089
      9.10366630164933e-05
      1.68233253148876e-05
      8.93451291614772e-06
      1.71418342783231e-08
       9.1036663025597e-09
      1.68233253165699e-09
      1.71418342800373e-12
      1.71418356966448e-18


          0.99980603298621
      9.39587187073072e-05
      5.72193173489967e-05
      4.27612859596223e-05
      1.25727129652572e-08
       9.3958718716703e-09
      5.72193173547187e-09
      1.25727129665145e-12
      3.84295735829589e-16
      1.25727140055282e-18
      3.84295735868019e-20


         0.999838078239275
      9.99838078339258e-05
      6.19026248490347e-05
      1.18190182938549e-08
      9.99838078439242e-09
      7.31746741175954e-09
       6.1902624855225e-09
      1.18190182950368e-12
      9.99838078539226e-13
      7.31746741249129e-13
      1.18190182962187e-16
      1.18190192717649e-18
      2.92709203838597e-19


         0.794942532311324
         0.187988063472462
         0.015442793951533
       0.00151521570776524
      4.87092848032097e-05
      3.07849684358721e-05
      1.15187749442219e-05
      1.13990218316105e-05
      7.28003140490414e-06
       9.4624129187733e-07
      5.98038103430394e-07
        9.284328168131e-08
      5.86782891103662e-08
      4.87092848080806e-09
      1.80360165736748e-09


         0.999999999999979
      2.07744849832131e-14
      2.01049791169781e-16
      2.01049791169781e-16
      2.07744849852906e-18
      2.71722683040361e-20
      2.01049791189886e-20


         0.999900009998988
      9.99900010098978e-05
      1.89955116826438e-15
      9.43827922675802e-18
      1.89955116845433e-19


         0.999900000000304
      9.99900000100294e-05
      9.99900000200284e-09
      6.81637012920401e-13
      4.78080347817905e-15
      1.10617239270505e-18


         0.999999999999887
        8.531534596136e-14
      1.38266142378853e-14
      1.38266142378853e-14


         0.999900000000955
      9.99900000100945e-05
      9.99900000200935e-09
       1.7552313685244e-14
       1.7552313685244e-14
      1.75523136869992e-18
      1.75523136869992e-18


          0.99990000000099
       9.9990000010098e-05
       9.9990000020097e-09


         0.999900009998967
      9.99900010098957e-05
      2.33060099542734e-14
       2.3306009956604e-18
      1.61562080355553e-20


         0.999899999996005
      9.99900000095995e-05
      1.00029255315466e-08
      9.99900000295975e-13
      5.97188003655075e-14
      3.92552958713467e-16
      5.97188003714794e-18


          0.99990000999899
       9.9990001009898e-05


          0.99990000999899
       9.9990001009898e-05


     1


          0.99990000999899
       9.9990001009898e-05


          0.99990000000099
       9.9990000010098e-05
       9.9990000020097e-09


          0.99990000000099
       9.9990000010098e-05
       9.9990000020097e-09


          0.99990000000099
       9.9990000010098e-05
       9.9990000020097e-09


     1


          0.99989999999999
       9.9990000009998e-05
       9.9990000019997e-09
       9.9990000029996e-13


                         1
      2.45320030056663e-17


          0.99989999999999
       9.9990000009998e-05
       9.9990000019997e-09
       9.9990000029996e-13


         0.999999999669631
      3.30336330122317e-10
      3.30336330155351e-14


          0.99990000000099
       9.9990000010098e-05
       9.9990000020097e-09


          0.99989999999999
       9.9990000009998e-05
       9.9990000019997e-09
       9.9990000029996e-13


         0.999998146075901
       1.8539240989943e-06


          0.99990000000099
       9.9990000010098e-05
       9.9990000020097e-09


     1


          0.99990000999899
       9.9990001009898e-05


          0.99990000999899
       9.9990001009898e-05


                         1
      1.94746147557042e-16
      1.94746147576517e-20


         0.999999999731313
      2.68660091260666e-10
      2.68660091287533e-14


         0.999970988344756
      1.45043675108799e-05
      1.45043675108799e-05
      1.46949521858027e-09
      1.45043675123303e-09
      1.45043675137808e-13
      1.45043675137808e-13


         0.999999999834411
      1.65572727582797e-10
      1.64681605295361e-14


         0.999900009990675
      9.99900010090665e-05
      7.82213632425271e-12
        4.932820175884e-13
      7.82213632503492e-16
      4.93282017637728e-17


         0.999999998825525
      3.23666860365236e-10
      3.23666860365236e-10
      2.84863728774063e-10
      2.42174625632529e-10
      3.80720930166148e-14
      3.23666860397603e-14
      3.23666860397603e-14


         0.955028619070418
        0.0448712802390284
      9.55028619165921e-05
      4.48712802435156e-06
      4.89397069694432e-08
      4.89397069694432e-08
      1.17545832215795e-08
      1.02306130392803e-09
      3.36563232530482e-11
      4.89397069743372e-12
      4.89397069743372e-12
      1.02306130403034e-13
      3.36563232564138e-15
      3.36563232564138e-15
      4.89397069792311e-16


         0.999899999900729
      9.99900000000719e-05
      9.99644291220355e-09
      1.00251560851216e-10
      2.55708880353413e-12
      1.00251560861241e-14
      9.72989141014649e-15
      1.00251560871266e-18
      9.72989141111948e-19


          0.99990000999639
       9.9990001009638e-05
      2.56906338047806e-12
      1.54956098074946e-14
      1.54956098074946e-14
      2.56906338073496e-16
      1.54956098090442e-18
      1.54956098090442e-18


         0.999999999840138
      1.59823671707853e-10
      3.85276059920781e-14


         0.999900009856842
      9.99900009956832e-05
      1.15236232674448e-10
      2.69087591933804e-11
      1.15236232685972e-14
      2.69087591960712e-15
      2.69087591960712e-15


         0.999999999900533
      9.93877856794058e-11
      2.63463435098343e-14
      2.63463435098343e-14
      2.63463435098343e-14
      9.15107688302399e-17
      6.10445778193496e-18
      2.47805251614027e-18


          0.99990000903578
       9.9990000913577e-05
      8.04876865424078e-10
      7.91453852356602e-11
      7.91453852356602e-11
       1.2260848952739e-13
      7.91453852435747e-15
      7.91453852435747e-15
       1.2260848953965e-17


         0.999999999411213
      1.36111684021329e-10
      1.36111684021329e-10
      1.36111684021329e-10
      9.02054448942018e-11
      9.02054448942018e-11
       1.3611168403494e-14
       1.3611168403494e-14
       1.3611168403494e-14
       1.5590230450335e-20


         0.999899999868296
      9.99899999968286e-05
      9.99900000068276e-09
      6.63409540466945e-11
      6.03191711955463e-11
       6.0217828511482e-12
       1.1890286645314e-14
      6.63409540533286e-15
      6.03191712015782e-15
      6.02178285175038e-16
      5.05108829790392e-18
      6.63409540599627e-19
      6.03191712076101e-19
      6.02178285235256e-20


         0.999899999998801
      9.99900000098791e-05
      9.99900000198781e-09
       2.1224660315403e-12
      2.17108786000512e-14
      2.05256439659018e-14
      2.01983412178784e-14
      4.59235787475519e-15
      2.17108786022223e-18
      2.05256439679544e-18
      2.01983412198983e-18


         0.999900009165216
      9.99900009265206e-05
      2.08955916662916e-10
      2.08775082015674e-10
      2.08775082015674e-10
       2.0724301880016e-10
         2.53770053496e-14
      2.08955916683811e-14
      2.08775082036551e-14
      2.08775082036551e-14
      2.07243018820885e-14
      2.53770053521377e-18


         0.999976327905295
       2.3671595257088e-05
      1.12224649755213e-10
      1.12224649755213e-10
       1.0832902861264e-10
      1.07840133245507e-10
      5.87731452300535e-11
      3.35017033662761e-14
      2.23315793778546e-14


         0.999890199682295
      9.99890199782285e-05
      9.79951998856198e-06
      9.99890199882274e-09
      9.79951998954193e-10
      1.00215141934782e-10
       1.0017555571263e-10
      9.97454885935411e-11
      9.97454862483027e-11
      9.97454862483027e-11
      9.97454862483027e-11
      9.97454862483027e-11
      9.97454862482996e-11
      1.00215141944803e-14
      1.00175555722648e-14


         0.999899999897812
      9.99899999997803e-05
      9.99900000097793e-09
      1.03177495741113e-10
      1.03177495751431e-14
      1.03177495761749e-18


         0.999999999904069
      9.59310636944449e-11


         0.999899974451275
      9.99899974551265e-05
      2.55497050875659e-08
      9.99899974651255e-09
      2.55497050901209e-12
       9.9282093638438e-15
      9.92820936483662e-19


         0.999899999801391
      9.99899999901381e-05
      9.99900000001371e-09
      9.97993538444728e-11
      9.97993538444728e-11
      9.97993538544527e-15
      9.97993538544527e-15
      9.97993538644327e-19
      9.97993538644327e-19


         0.999999999800166
      9.99154774789271e-11
      9.99154774789271e-11
      3.33516360658433e-15
      2.27499343029981e-20


         0.612956077357537
          0.38694239456314
      6.12956077418832e-05
      3.86942394601834e-05
      1.53804798452692e-06
      6.13686685754814e-11
      6.13686685754814e-11
      6.13686685754814e-11
       1.2460894448992e-14
      6.13686685816183e-15
      6.13686685816183e-15
      6.13686685816183e-15


         0.999987543516472
      1.24547378471775e-05
       1.2454737848423e-09
      1.00016584131237e-10
      1.00016584131237e-10
      1.00016584131237e-10
      1.00016584131237e-10
      1.00016584131237e-10
      1.24547378496684e-13


         0.999999999494365
      9.98686013611794e-11
      9.98686013611794e-11
      9.98686013611794e-11
      9.98686013611794e-11
      9.98686013611794e-11
      6.13339158369329e-12
      7.93405842769874e-14
      7.93405842769874e-14


         0.742552128218381
         0.188829213785605
        0.0565748233382544
        0.0119566647422692
      8.71698086465232e-05
      1.89678799883569e-11
      1.89678799883569e-11
      1.89678799883569e-11
      1.89678799883569e-11
      1.89678799883569e-11
      1.16390317024344e-11
      3.55885530408715e-13
      4.57250716674939e-15
      4.57250716674939e-15
      4.85788333405745e-16


         0.993376919216848
       0.00344570854526181
       0.00245048375135779
      0.000381338680585096
      0.000337425717393878
       5.3885008610077e-06
      2.73148879340799e-06
       2.9260211355637e-09
      4.75839224162309e-10
      4.70323555786427e-10
      4.54967060916232e-11
      4.53045222224037e-11
      4.53045222224037e-11
      4.53045222224037e-11
      4.53045222224037e-11


         0.999999998457249
      3.01094826622852e-10
       1.0344437945141e-10
      1.03299762676244e-10
      1.03299762676244e-10
      1.03299762676244e-10
      1.03299762676244e-10
      1.03299762676244e-10
      1.03299762676244e-10
      1.03299762676244e-10
      1.03299762676244e-10
      1.03299762676244e-10
      1.03299762676244e-10
      1.03299762676227e-10
      1.91353142377286e-12


         0.998684874731176
       0.00101844316744764
      0.000296335156884372
      3.45421809080232e-07
      1.52167959771193e-09
      1.00450264287861e-13
      1.00378793452407e-13
        1.003787934524e-13
        1.003787934524e-13
        1.003787934524e-13
        1.003787934524e-13
        1.003787934524e-13
        1.003787934524e-13
        1.003787934524e-13
        1.003787934524e-13


         0.999999998631228
      9.97437366819209e-11
      9.97437366819209e-11
      9.97437366819209e-11
      9.97437366819209e-11
      9.97437366819209e-11
      9.97437366819209e-11
      9.97437366819209e-11
      9.97437366819209e-11
      9.97437366819209e-11
      9.97437366819209e-11
      9.97437366819209e-11
      9.97437366819156e-11
        9.964786440482e-11
      7.21988159917607e-11


         0.999998401237862
      1.59746340437104e-06
      9.99031405171669e-11
      9.99031405171669e-11
      9.99031405171669e-11
      9.99031405171669e-11
      9.99031405171669e-11
      9.99031405171669e-11
      9.99031405171669e-11
      9.99031405171669e-11
      9.99031405171669e-11
      9.99031405171669e-11
      9.99031405171669e-11
      9.99031405171663e-11
      9.98963357939668e-11


         0.986200371596721
        0.0136995325781463
      9.86200371695341e-05
      1.36995325795163e-06
      9.72102605360078e-08
      6.44328360282636e-09
      1.17143091287707e-09
      8.83072597178166e-10
      1.18368461225169e-10
      1.38159366509508e-12
      1.38153520204437e-12
      1.38153520204437e-12
      1.38153520204437e-12
      1.38153520204437e-12
      1.38153520204437e-12


         0.999900009395779
      9.99900009495769e-05
      1.00535138740245e-10
      1.00535138740239e-10
      1.00535138740239e-10
      1.00535138740239e-10
      1.00535138740239e-10
      1.00535138740239e-10
      1.00535138750298e-14
      1.00535138750293e-14
      1.00535138750293e-14
      1.00535138750293e-14
      1.00535138750293e-14
      1.00535138750293e-14


          0.99990000939892
       9.9990000949891e-05
      1.00011674566015e-10
      1.00011674566009e-10
      1.00011674566009e-10
      1.00011674566009e-10
      1.00011674566009e-10
      1.00011674566009e-10
      1.00011674576016e-14
       1.0001167457601e-14
       1.0001167457601e-14
       1.0001167457601e-14
       1.0001167457601e-14
       1.0001167457601e-14


         0.999999999400072
      9.99861800133385e-11
      9.99861800133385e-11
      9.99861800133385e-11
      9.99861800133385e-11
      9.99861800133385e-11
      9.99861800133385e-11
      1.12953598897578e-14
      1.69011432175896e-20


         0.999999999630074
      6.16542431862069e-11
      6.16542431862069e-11
      6.16542431862069e-11
      6.16542431862069e-11
      6.16542431862069e-11
      6.16542431862069e-11


          0.99990000939906
       9.9990000949905e-05
      9.99884723552754e-11
      9.99884723552754e-11
      9.99884723552754e-11
      9.99884723552754e-11
      9.99884723552754e-11
      9.99884723552754e-11
      9.99884723652743e-15
      9.99884723652743e-15
      9.99884723652743e-15
      9.99884723652743e-15
      9.99884723652743e-15
      9.99884723652743e-15


         0.998698769685695
        0.0011562902632935
      9.98698769785565e-05
      2.51669798327398e-05
      1.97825172479115e-05
      1.15629026340913e-07
      2.51669798352565e-09
      1.97825172498897e-09
       9.2159783333624e-11
       9.2159783333624e-11
       9.2159783333624e-11
       9.2159783333624e-11
       9.2159783333624e-11
       9.2159783333624e-11
      1.71647454423001e-14


         0.999999999576848
      1.05788061057836e-10
      1.05788061057836e-10
      1.05788061057836e-10
      1.05788061057836e-10


         0.999900009600915
      9.99900009700905e-05
      9.95187222168976e-11
      9.95187222168976e-11
      9.95187222168976e-11
      9.95187222168976e-11
      9.95187222268495e-15
      9.95187222268495e-15
      9.95187222268495e-15
      9.95187222268495e-15


          0.99989999999995
       9.9990000009994e-05
       9.9990000019993e-09
       9.9990000029992e-13
       9.9990097348166e-15
       9.9990097348166e-15
       9.9990097348166e-15
       9.9990097348166e-15
       9.9990097358165e-19
       9.9990097358165e-19
       9.9990097358165e-19
       9.9990097358165e-19


         0.999999999862105
       1.3788144813557e-10
      1.37881448149358e-14


          0.99990000000099
       9.9990000010098e-05
       9.9990000020097e-09


     1


         0.999900009998962
      9.99900010098952e-05
      2.76553477907549e-14
      2.76553477935205e-18


          0.99990000999899
       9.9990001009898e-05


          0.99990000999899
       9.9990001009898e-05


          0.99990000999899
       9.9990001009898e-05


          0.99998577421493
      1.42243624918552e-05
      1.42243624932776e-09
         1.42243624947e-13


          0.99990000000099
       9.9990000010098e-05
       9.9990000020097e-09


          0.99990000999899
       9.9990001009898e-05
      4.18062206800174e-20


          0.99990000999899
       9.9990001009898e-05


     1


          0.99990000999899
       9.9990001009898e-05


          0.99990000000099
       9.9990000010098e-05
       9.9990000020097e-09


          0.99990000999899
       9.9990001009898e-05


          0.99990000000099
       9.9990000010098e-05
       9.9990000020097e-09


          0.99990000999899
       9.9990001009898e-05


         0.999998571069177
      1.42878792951973e-06
      1.42878792966261e-10
      1.42878792980549e-14


          0.99990000000099
       9.9990000010098e-05
       9.9990000020097e-09


          0.99990000000099
       9.9990000010098e-05
       9.9990000020097e-09


     1


     1


     1


          0.99990000000099
       9.9990000010098e-05
       9.9990000020097e-09
      9.68028189511404e-18


